1
h,a,p,p,y
[,ˈ,h,æ,p,i,]
a,d,j,., ,幸,福,的,；,高,兴,的,；,巧,妙,的, ,n,., ,(,H,a,p,p,y,),人,名,；,(,英,、,瑞,典,、,喀,),哈,皮
2,0,1,9,-,1,0,-,2,0
